78 302
83 344
95 386
104 426
116 467
137 502
169 529
209 546
251 549
293 542
331 523
359 493
376 458
383 416
388 374
392 332
395 290
103 293
119 259
152 262
182 272
209 288
257 283
283 266
312 254
343 254
361 281
234 304
234 331
234 359
234 388
209 400
222 407
238 411
253 405
266 397
136 312
150 298
173 298
200 314
171 324
149 324
273 309
294 293
316 294
338 306
317 320
296 320
186 454
208 446
227 438
241 442
257 436
279 445
301 452
281 469
261 473
244 473
228 473
209 471
196 455
227 452
242 454
258 451
291 454
259 451
243 453
228 451