124 483
133 550
152 617
166 682
185 747
219 803
270 846
334 873
402 878
469 867
529 837
574 789
602 732
613 665
620 598
628 532
632 464
165 469
190 415
244 419
292 436
334 460
411 453
453 425
499 407
549 407
578 450
374 486
374 529
374 575
375 621
334 640
355 651
380 658
405 648
426 635
217 500
240 476
277 477
320 502
273 519
239 518
437 495
471 469
505 470
540 490
507 512
474 512
297 726
332 714
363 700
386 708
411 698
446 712
481 724
450 751
417 757
390 757
365 757
334 753
314 728
363 724
387 727
413 722
466 727
414 722
389 725
365 722