80 350
85 390
92 430
100 468
115 505
135 538
162 568
192 592
230 598
268 592
300 570
328 540
350 505
362 465
372 422
378 382
380 340
106 338
119 319
144 319
168 326
192 334
248 331
275 321
300 315
328 312
347 334
220 355
220 388
222 418
222 450
195 462
208 468
222 472
238 468
252 462
125 358
140 348
162 348
182 361
160 369
138 368
262 360
282 345
305 345
326 361
308 365
285 365
168 510
188 508
208 502
222 508
238 500
260 505
282 508
260 530
240 540
222 542
205 540
185 532
175 512
205 518
222 520
240 518
272 510
238 518
220 520
205 518