128 560
136 624
148 688
160 748
184 808
216 860
260 908
308 948
368 956
428 948
480 912
524 864
560 808
580 744
596 676
604 612
608 544
148 524
184 504
224 504
268 512
308 528
396 528
440 504
480 492
528 492
560 516
352 568
352 620
356 668
356 720
312 740
332 748
356 756
380 748
404 740
196 568
224 556
260 556
288 576
256 584
220 588
424 576
452 552
488 552
512 564
492 584
456 584
268 816
300 812
332 804
356 812
380 800
416 808
452 812
416 848
384 864
356 868
328 864
296 852
280 820
328 828
356 832
384 828
436 816
380 828
352 832
328 828