139 510
145 582
159 653
165 727
176 799
232 864
263 917
318 957
387 953
456 959
514 919
549 864
588 804
610 736
626 660
634 586
639 513
165 467
190 418
238 396
295 400
347 420
412 417
463 388
523 381
577 402
607 450
381 458
381 512
381 565
380 621
326 665
353 675
382 678
413 673
441 661
223 467
248 450
280 448
318 473
282 486
250 487
444 472
488 448
521 450
561 463
521 482
488 481
288 777
324 776
354 768
381 776
410 766
445 772
487 775
446 790
412 812
383 819
355 808
326 797
307 787
354 783
382 790
411 786
463 780
411 789
382 795
354 789