87 319
91 364
99 408
103 454
110 499
145 540
164 573
199 598
242 596
285 599
321 574
343 540
368 502
381 460
391 412
396 366
399 321
103 292
119 261
149 248
184 250
217 262
258 261
289 242
327 238
361 251
379 281
238 286
238 320
238 353
238 388
204 416
221 422
239 424
258 421
276 413
139 292
155 281
175 280
199 296
176 304
156 304
278 295
305 280
326 281
351 289
326 301
305 301
180 486
202 485
221 480
238 485
256 479
278 482
304 484
279 494
258 508
239 512
222 505
204 498
192 492
221 489
239 494
257 491
289 488
257 493
239 497
221 493