112 335
115 370
120 405
128 442
140 482
165 515
190 540
225 558
268 560
308 550
338 525
358 495
372 460
380 418
381 378
386 340
388 302
118 305
135 285
162 275
190 272
218 280
276 276
300 259
329 248
359 249
378 266
251 284
252 312
252 348
253 381
204 398
228 399
257 406
279 396
303 389
144 305
169 294
188 290
216 298
194 314
164 316
290 296
309 283
330 284
347 292
331 303
306 306
198 462
218 451
242 441
257 445
272 439
292 445
310 458
296 471
274 476
260 477
244 478
219 473
206 462
241 456
258 460
272 455
304 459
276 464
259 464
242 466
