116 580
124 648
136 720
148 780
180 836
216 888
260 932
304 976
364 988
424 976
480 944
528 896
568 844
596 784
620 716
636 644
644 572
152 552
176 512
216 504
264 512
312 532
384 528
436 508
488 504
540 512
584 544
348 572
344 616
344 656
340 700
296 724
316 736
340 740
372 732
400 728
200 580
224 556
256 560
288 588
256 600
220 600
436 584
456 556
496 556
520 576
496 596
460 596
272 812
296 796
328 792
348 796
376 792
416 796
460 812
420 844
380 860
352 864
328 864
300 844
284 816
328 804
352 808
376 804
444 812
376 836
352 840
328 836