180 536
184 592
192 648
204 708
224 772
264 824
304 864
360 892
428 896
492 880
548 840
584 792
616 736
632 668
636 604
640 544
636 484
188 488
216 456
260 440
304 436
348 448
442 441
480 415
527 397
574 398
604 426
402 454
403 500
404 557
405 609
326 637
364 639
411 650
446 634
485 623
230 488
270 471
300 464
346 476
310 503
262 506
464 480
490 448
528 450
559 466
529 490
490 490
317 739
349 722
388 706
411 712
435 703
468 712
496 733
473 753
439 762
416 763
391 764
351 757
330 740
386 729
413 736
436 728
486 734
441 742
415 742
387 745