208 449
208 503
216 559
229 614
251 669
286 715
326 755
372 791
426 805
482 792
529 753
571 712
608 664
631 608
643 545
647 487
644 429
233 386
255 357
290 343
329 348
363 365
449 366
485 347
524 335
564 341
594 364
411 407
413 445
415 483
415 522
369 551
392 559
417 564
444 555
468 547
248 427
278 400
327 402
356 430
328 442
284 445
472 422
498 395
550 387
586 418
550 431
503 434
313 617
353 612
392 605
416 610
441 603
484 598
536 597
487 669
446 678
418 679
391 683
352 657
327 621
392 618
417 620
443 616
524 604
443 650
417 653
392 652