130 281
130 314
135 349
143 384
157 418
179 447
204 472
232 494
266 503
301 495
331 471
357 445
380 415
394 380
402 341
404 304
402 268
146 241
159 223
181 214
206 218
227 228
281 229
303 217
328 209
352 213
371 228
257 254
258 278
259 302
259 326
231 344
245 349
261 352
278 347
292 342
155 267
174 250
204 251
222 269
205 276
178 278
295 264
311 247
344 242
366 261
344 269
314 271
196 386
221 382
245 378
260 381
276 377
302 374
335 373
304 418
279 424
261 424
244 427
220 411
204 388
245 386
261 388
277 385
328 378
277 406
261 408
245 408
