126 509
132 571
148 633
156 696
168 761
201 815
253 859
309 893
373 902
436 891
495 856
547 815
582 764
600 705
612 643
622 582
628 521
175 472
201 434
246 420
293 424
337 437
425 440
467 424
509 417
553 428
582 462
379 479
378 518
377 557
377 598
331 636
354 639
378 643
402 639
426 634
225 500
253 482
283 481
310 499
282 507
252 508
445 498
473 481
503 481
528 496
504 507
476 505
285 736
320 714
354 698
375 706
398 700
434 716
470 737
433 757
399 764
374 764
351 762
318 752
302 735
353 727
375 730
398 728
455 736
397 729
375 731
353 728