79 318
82 357
92 396
98 435
105 476
126 509
158 537
193 558
233 564
272 557
309 535
342 509
364 478
375 441
382 402
389 364
392 326
109 295
126 271
154 262
183 265
211 273
266 275
292 265
318 261
346 268
364 289
237 299
236 324
236 348
236 374
207 398
221 399
236 402
251 399
266 396
141 312
158 301
177 301
194 312
176 317
158 318
275 312
292 298
314 300
329 311
312 317
292 316
180 457
200 446
221 436
234 441
249 438
271 448
289 457
271 473
249 478
234 478
219 476
199 470
189 459
221 454
234 456
249 455
280 458
248 456
234 457
221 455
