83 334
88 378
90 418
103 461
124 499
151 532
177 564
212 592
250 600
286 591
316 564
341 530
361 495
376 459
388 422
396 384
399 346
106 309
128 300
153 300
176 303
207 314
283 312
307 299
330 295
350 295
368 302
248 344
247 377
247 409
246 441
216 449
232 456
249 463
266 456
281 448
114 342
148 321
176 327
199 349
174 357
144 357
285 351
319 322
346 321
369 333
349 354
322 358
183 497
214 489
235 480
246 484
261 479
282 488
305 496
284 519
264 525
249 526
235 525
214 518
206 501
233 495
247 500
262 497
288 498
264 504
249 504
236 504
