133 535
140 604
144 669
165 737
199 798
242 852
283 903
340 947
400 960
458 946
505 902
546 848
578 792
602 735
620 675
633 615
639 554
144 496
188 471
242 469
294 480
343 503
456 496
504 470
554 459
606 461
647 486
397 551
395 603
395 654
393 706
346 718
372 730
399 741
426 730
449 717
183 547
236 514
281 523
318 558
278 571
231 571
456 561
510 516
553 514
590 533
558 567
515 573
293 795
342 782
376 768
394 775
418 767
451 780
488 794
454 831
422 840
398 842
376 840
342 829
330 802
373 792
395 800
419 795
460 797
422 806
398 807
378 806