164 494
168 552
179 610
190 669
208 727
240 780
281 824
330 856
382 867
434 857
482 826
522 783
553 733
570 676
580 619
589 561
592 504
199 463
231 444
268 441
305 453
340 469
419 471
453 455
490 446
527 449
557 468
378 519
378 560
375 601
373 642
337 664
356 670
376 677
396 671
414 665
237 518
267 502
295 505
325 535
291 535
264 533
435 532
463 505
491 509
517 525
494 534
467 536
302 732
333 723
360 718
378 725
397 717
423 721
451 730
425 755
400 768
379 772
360 770
333 758
314 734
359 738
377 740
397 737
438 732
399 739
379 744
360 740