93 350
101 390
109 428
118 466
132 501
156 530
187 552
220 571
261 575
299 568
332 547
362 519
382 486
392 449
397 409
398 369
398 329
115 308
130 276
163 259
199 259
233 270
269 270
294 258
329 253
354 260
372 289
249 308
250 332
252 356
254 381
224 412
239 414
254 416
269 413
283 409
142 314
167 294
192 292
220 308
195 317
170 320
284 304
311 291
332 294
354 312
333 318
311 316
194 472
215 458
238 452
256 456
272 452
294 459
315 473
296 481
275 486
258 487
239 486
216 482
204 476
238 464
256 466
272 464
305 472
272 466
256 468
239 466
