149 560
161 624
174 684
189 746
212 802
249 848
299 884
352 913
417 920
478 908
532 875
579 830
611 777
627 718
635 654
636 591
636 527
184 493
208 441
261 415
319 415
373 432
430 432
471 412
527 405
567 416
595 463
398 492
400 531
403 570
406 610
358 659
382 663
407 666
430 661
453 654
228 502
267 471
308 467
352 492
312 507
272 512
455 487
498 466
532 471
566 500
533 508
498 506
310 755
344 732
380 724
409 730
435 723
471 734
504 757
473 769
440 777
412 779
383 777
346 772
326 761
381 743
410 745
436 742
488 755
436 745
410 748
382 746