88 310
89 355
98 398
110 438
128 480
161 513
190 540
230 557
272 566
316 557
345 530
372 498
388 458
395 418
414 378
419 344
424 306
128 277
155 250
185 245
215 244
244 255
290 255
322 246
348 244
370 247
389 263
263 288
264 318
265 350
268 382
232 402
248 408
265 412
282 408
295 400
143 304
172 281
198 279
222 302
198 312
170 311
309 304
335 281
362 280
379 304
361 312
338 312
195 460
225 455
250 450
268 455
285 450
302 452
325 458
302 474
285 483
268 483
250 482
228 472
205 460
250 460
268 462
285 460
315 458
285 462
268 464
250 462
