140 496
142 568
157 636
176 700
204 768
257 821
304 864
368 891
436 905
505 891
552 848
595 796
621 732
632 668
663 604
670 550
678 490
204 444
236 408
292 392
344 404
392 424
440 420
480 396
528 388
572 396
604 428
416 460
420 508
424 560
428 612
372 644
396 652
424 660
452 652
472 640
229 486
275 450
316 446
355 484
316 500
272 498
494 487
536 450
579 448
607 487
577 500
541 500
312 736
360 728
400 720
428 728
456 720
484 724
520 732
484 759
456 773
428 773
400 771
364 756
328 736
400 736
428 740
456 736
504 732
456 740
428 742
400 740