99 274
103 310
110 347
115 385
118 427
131 462
158 490
193 511
238 519
280 515
316 499
344 474
367 439
378 402
382 362
392 321
395 277
131 252
142 229
169 220
200 222
228 236
282 235
307 221
336 219
361 227
378 250
256 261
257 287
258 311
259 337
219 360
239 361
256 361
272 361
288 358
160 272
172 258
192 254
216 271
194 279
172 281
294 269
312 254
332 256
346 272
332 282
312 280
191 408
210 397
234 393
251 399
269 396
294 401
310 409
289 424
264 424
246 423
228 423
206 421
199 408
231 401
250 406
268 404
301 409
268 406
250 408
231 402
