159 438
165 496
176 555
184 616
189 683
209 740
252 784
309 818
380 830
448 824
505 798
551 759
587 702
604 643
611 579
628 513
632 443
209 403
228 367
271 352
320 356
364 378
451 376
491 354
538 350
577 363
605 400
409 418
411 459
413 498
414 539
350 576
382 578
409 578
436 578
460 573
256 436
276 412
308 406
345 433
310 447
276 450
470 430
499 406
532 409
554 435
532 451
500 448
306 653
336 635
374 629
402 638
431 633
471 641
496 655
463 678
423 679
393 677
365 677
329 673
319 652
370 641
400 650
429 647
482 655
428 649
400 652
370 643