89 349
99 398
108 440
120 483
136 516
159 543
190 560
214 574
248 581
286 574
316 554
341 532
366 508
377 472
380 434
384 394
385 348
124 324
139 294
168 296
192 302
218 312
261 311
286 302
309 294
334 290
356 314
242 339
242 366
242 392
243 419
212 441
226 446
241 449
256 446
271 441
145 340
161 325
186 324
207 341
188 347
166 348
271 341
289 321
311 320
334 333
312 345
291 345
201 495
217 484
231 479
243 481
255 479
275 486
297 492
276 502
259 504
246 504
232 504
218 499
210 494
232 490
244 492
256 490
284 494
256 494
244 495
231 492
