143 559
158 636
173 704
192 773
218 825
255 869
304 896
342 919
397 930
458 918
505 887
546 851
586 812
603 755
608 694
615 631
616 556
198 518
223 470
268 473
307 484
348 499
417 498
457 484
495 471
535 464
569 503
388 543
388 585
388 627
389 670
340 706
362 713
385 719
409 713
434 706
232 544
258 520
298 518
331 545
300 555
265 556
433 545
462 513
497 512
535 533
500 552
466 552
322 792
347 775
369 766
389 770
408 766
440 777
475 788
442 803
414 807
393 807
372 807
349 798
336 791
371 784
391 788
410 784
455 791
410 790
390 792
370 788