139 537
142 591
145 644
155 697
172 746
203 789
250 815
309 829
379 831
448 827
506 812
558 785
592 743
609 690
618 634
625 579
631 521
196 420
227 405
260 400
293 405
328 413
414 422
450 413
489 406
528 410
559 429
369 445
369 481
369 517
368 555
324 612
348 612
372 613
396 610
420 608
224 480
248 456
280 454
316 471
281 484
251 487
439 470
470 454
501 451
537 471
506 483
469 481
278 698
314 686
348 672
373 676
398 672
431 682
471 696
431 709
399 710
373 710
346 710
315 711
292 701
347 689
373 694
398 689
457 698
398 691
373 696
346 691