87 336
89 369
91 402
97 436
108 466
127 493
156 509
193 518
237 519
280 517
316 508
349 491
370 464
381 431
386 396
391 362
394 326
122 262
142 253
162 250
183 253
205 258
259 264
281 258
306 254
330 256
349 268
231 278
231 301
231 323
230 347
202 382
218 382
232 383
248 381
262 380
140 300
155 285
175 284
198 294
176 302
157 304
274 294
294 284
313 282
336 294
316 302
293 301
174 436
196 429
218 420
233 422
249 420
269 426
294 435
269 443
249 444
233 444
216 444
197 444
182 438
217 431
233 434
249 431
286 436
249 432
233 435
216 432
