96 496
104 560
116 624
124 684
144 748
180 808
224 860
280 900
348 908
412 892
472 860
524 816
564 764
584 704
596 636
604 568
604 500
128 412
148 376
188 364
236 364
280 380
380 380
424 364
472 364
512 376
540 412
336 448
340 496
336 548
336 600
284 620
308 632
336 640
368 632
396 620
180 468
204 452
232 452
260 468
228 476
200 476
412 468
432 452
464 452
488 464
464 476
436 476
228 716
268 708
300 704
336 708
368 700
412 700
456 708
416 736
376 752
340 756
308 756
268 748
244 724
304 724
336 724
372 720
436 712
372 724
340 728
308 728