60 310
61 350
69 390
76 428
84 468
109 507
140 538
175 562
218 568
258 558
295 541
330 514
359 480
381 440
391 398
390 355
390 312
94 264
109 250
129 243
153 241
176 249
244 244
269 238
294 235
316 242
329 256
210 280
212 310
210 342
210 375
178 388
192 395
210 400
230 395
248 388
113 296
128 282
145 281
164 296
144 304
125 304
258 295
270 282
290 279
312 292
292 302
272 301
151 454
172 444
190 442
209 445
229 442
251 448
268 452
249 461
232 465
211 468
190 466
171 461
162 452
191 450
209 452
229 450
258 454
229 452
210 455
191 454
