94 341
97 377
101 411
108 445
121 476
141 503
172 524
207 539
244 546
282 541
314 526
341 505
361 479
374 448
384 414
391 379
394 343
117 281
138 261
165 253
194 255
215 266
274 262
303 252
334 252
362 263
381 286
249 298
249 314
249 329
249 346
225 386
237 386
249 387
260 386
271 385
131 319
162 295
186 295
207 314
186 322
161 326
289 315
309 294
334 295
354 319
335 324
311 319
192 452
214 425
235 411
247 414
259 411
278 424
295 449
277 464
260 470
246 471
232 470
213 464
204 449
235 437
247 436
259 437
280 440
259 444
246 444
234 442
