151 546
155 603
161 658
173 712
193 762
226 805
275 838
331 863
391 873
451 866
502 842
546 808
577 766
599 716
615 662
626 607
631 549
187 449
220 418
264 405
311 408
344 425
439 419
485 403
534 404
579 421
609 457
399 476
399 502
398 527
399 553
360 617
379 618
398 619
416 618
434 616
209 511
259 472
298 472
331 503
297 515
257 521
463 504
495 471
535 472
566 511
536 519
497 511
308 724
342 680
376 658
395 662
415 658
444 679
472 718
443 743
416 752
394 754
372 752
341 743
326 718
376 699
395 697
415 699
448 704
415 710
394 711
374 708