163 394
171 448
184 499
200 549
221 597
254 637
296 669
345 688
397 692
446 682
487 657
522 623
546 580
558 532
566 484
575 432
578 378
205 385
228 353
268 338
310 342
351 353
393 351
431 336
472 329
514 341
536 374
376 379
378 413
381 446
383 481
345 506
364 510
385 514
404 510
421 505
243 394
274 372
298 373
320 388
292 399
269 404
429 389
450 370
485 363
508 379
488 389
460 395
329 575
350 558
369 550
384 553
396 549
418 557
440 572
421 582
402 585
388 587
374 585
353 583
337 573
370 564
385 566
398 563
432 569
400 564
387 567
372 565