146 552
148 620
155 685
166 748
183 810
211 868
250 918
299 961
361 978
429 969
483 926
535 878
580 820
606 755
618 683
624 613
629 541
161 506
194 468
247 464
295 478
340 502
398 495
442 468
492 453
544 459
581 492
365 530
365 579
363 626
363 676
305 696
333 705
364 716
397 704
427 691
216 532
244 515
276 517
306 540
274 540
242 540
436 533
464 509
499 505
528 520
501 531
468 534
249 772
291 767
331 766
364 772
396 765
442 764
486 769
441 816
399 843
364 848
330 844
291 818
263 775
332 779
363 784
395 778
474 775
396 817
364 824
331 818