102 246
107 280
115 312
125 343
138 373
159 398
185 418
216 430
248 432
279 426
304 411
326 389
341 362
349 332
354 302
359 270
361 236
132 227
150 218
170 215
194 216
217 221
248 219
269 212
288 208
310 205
328 212
235 237
236 258
238 279
239 301
216 316
228 319
241 321
252 319
263 316
152 245
164 236
183 233
200 243
182 249
166 251
268 243
281 231
303 227
318 237
305 243
288 247
206 359
219 349
231 344
240 346
248 343
261 348
275 358
263 364
251 366
242 367
234 366
221 364
211 358
231 352
241 354
249 352
270 356
250 352
242 354
232 353
