191 446
190 500
197 553
206 607
222 657
253 700
293 734
337 762
383 773
431 766
478 741
522 711
555 671
574 623
582 572
588 520
589 468
212 412
241 390
280 387
319 397
354 416
424 420
461 405
500 398
539 403
569 424
389 452
388 491
386 529
385 569
346 584
364 595
384 603
405 596
423 588
258 447
283 434
313 436
337 458
310 461
280 459
441 464
467 445
496 445
521 459
499 471
469 471
303 634
338 636
366 635
383 641
401 636
427 640
461 643
427 662
401 671
381 672
363 670
336 659
317 639
364 646
382 650
401 648
448 645
401 647
382 649
364 646