114 480
119 541
126 602
134 663
149 723
183 777
230 823
280 865
338 880
402 872
462 838
520 798
566 746
588 683
596 614
603 545
608 477
140 458
162 421
207 406
254 410
301 424
378 425
430 412
483 406
534 422
563 462
341 467
339 508
337 550
334 594
289 619
312 627
336 636
362 628
389 622
199 483
224 467
255 465
283 483
254 489
224 490
410 483
439 465
470 467
499 483
471 490
438 489
238 684
273 684
306 682
335 691
364 684
406 688
456 690
408 722
367 736
337 738
307 732
273 714
252 690
306 701
335 706
365 704
441 694
365 704
337 707
307 701