99 250
106 286
114 320
123 356
135 388
154 417
180 439
209 458
240 462
269 454
295 434
318 411
334 382
343 348
351 314
358 279
362 244
118 234
136 218
164 218
189 224
214 236
255 237
279 225
303 218
329 217
346 231
236 261
237 286
238 312
239 338
216 351
227 355
239 358
249 354
259 349
145 263
160 255
179 256
196 270
178 274
159 272
273 269
288 256
306 254
323 261
309 271
291 272
200 393
217 384
228 377
240 380
254 376
266 381
282 390
264 403
254 408
241 409
228 408
214 404
209 393
228 390
240 392
251 390
269 392
251 392
240 394
230 392
