80 520
80 590
90 662
101 733
130 795
170 855
240 899
297 923
369 937
440 922
495 898
561 855
599 799
640 731
652 662
660 590
660 520
120 432
157 395
204 388
266 395
324 425
407 429
461 400
533 393
592 405
638 444
355 481
353 528
349 573
345 621
280 660
314 667
351 676
391 668
429 661
150 480
204 460
247 464
297 493
243 528
193 525
446 497
504 470
560 474
601 494
565 545
501 548
244 732
273 725
314 714
351 715
389 708
438 724
488 741
446 811
393 834
352 835
312 820
271 786
252 746
313 748
352 753
391 749
466 751
391 760
351 764
312 758