159 400
169 458
183 512
197 569
216 620
247 667
288 702
334 733
384 739
431 727
472 694
509 657
534 611
549 556
561 502
573 447
580 391
188 375
218 349
262 348
303 359
343 377
408 379
446 360
485 348
526 347
554 370
377 417
379 458
381 500
383 540
346 562
363 568
382 573
399 567
414 559
232 422
256 409
287 411
312 433
284 438
254 437
437 431
460 409
490 406
514 418
495 433
466 436
322 633
347 615
369 603
384 608
401 601
422 612
442 629
423 645
404 656
385 659
369 658
347 650
334 632
369 628
384 629
402 627
431 628
402 625
384 629
369 627