50 325
50 369
56 414
63 458
81 497
106 534
150 562
186 577
231 586
275 576
309 561
351 534
374 499
400 457
408 414
412 369
412 325
75 270
98 247
128 242
166 247
202 266
254 268
288 250
333 246
370 253
399 278
222 301
221 330
218 358
216 388
175 412
196 417
219 422
244 418
268 413
94 300
128 288
154 290
186 308
152 330
121 328
279 311
315 294
350 296
376 309
353 341
313 342
152 458
171 453
196 446
219 447
243 442
274 452
305 463
279 507
246 521
220 522
195 512
169 491
158 466
196 468
220 471
244 468
291 469
244 475
219 478
195 474
